# Schottky formation heat capacity (Cv) from phonopy; factor=1.968750000000
# X_S = X_2G + X_cVac - factor * X_nodef  (X = heat_capacity)
# T[K]  dCv_vib[eV/K]  dCv_vib[J/K/mol]
      0.0000  0.00000000e+00      0.00000000
     10.0000  -4.90270159e-07     -0.04730388
     20.0000  2.51286014e-07      0.02424542
     30.0000  1.11049535e-05      1.07146517
     40.0000  3.79490203e-05      3.66152399
     50.0000  7.78541841e-05      7.51178715
     60.0000  1.23910815e-04     11.95557664
     70.0000  1.69893585e-04     16.39223975
     80.0000  2.11517182e-04     20.40830647
     90.0000  2.46346144e-04     23.76879057
    100.0000  2.73389432e-04     26.37807128
    110.0000  2.92653500e-04     28.23677143
    120.0000  3.04750366e-04     29.40394158
    130.0000  3.10599917e-04     29.96833748
    140.0000  3.11228420e-04     30.02897886
    150.0000  3.07645510e-04     29.68328054
    160.0000  3.00777279e-04     29.02059692
    170.0000  2.91435940e-04     28.11929476
    180.0000  2.80311606e-04     27.04595962
    190.0000  2.67976497e-04     25.85580249
    200.0000  2.54895457e-04     24.59367393
    210.0000  2.41439072e-04     23.29533007
    220.0000  2.27897312e-04     21.98874884
    230.0000  2.14492524e-04     20.69538336
    240.0000  2.01391195e-04     19.43129720
    250.0000  1.88714318e-04     18.20816451
    260.0000  1.76546279e-04     17.03412716
    270.0000  1.64942357e-04     15.91451877
    280.0000  1.53934981e-04     14.85246844
    290.0000  1.43538893e-04     13.84939834
    300.0000  1.33755339e-04     12.90542889
    310.0000  1.24575482e-04     12.01970727
    320.0000  1.15983101e-04     11.19066853
    330.0000  1.07956780e-04     10.41624623
    340.0000  1.00471579e-04      9.69403410
    350.0000  9.35003890e-05      9.02141649
    360.0000  8.70149232e-05      8.39566414
    370.0000  8.09865229e-05      7.81401191
    380.0000  7.53867131e-05      7.27371237
    390.0000  7.01876367e-05      6.77207774
    400.0000  6.53623621e-05      6.30650950
    410.0000  6.08850858e-05      5.87451799
    420.0000  5.67312619e-05      5.47373489
    430.0000  5.28776872e-05      5.10192144
    440.0000  4.93025198e-05      4.75697021
    450.0000  4.59853011e-05      4.43690725
    460.0000  4.29069032e-05      4.13988699
    470.0000  4.00495157e-05      3.86419099
    480.0000  3.73965769e-05      3.60822131
    490.0000  3.49327259e-05      3.37049581
    500.0000  3.26437201e-05      3.14964032
    510.0000  3.05163883e-05      2.94438399
    520.0000  2.85385531e-05      2.75355189
    530.0000  2.66989659e-05      2.57605871
    540.0000  2.49872435e-05      2.41090260
    550.0000  2.33938086e-05      2.25715949
    560.0000  2.19098226e-05      2.11397661
    570.0000  2.05271396e-05      1.98056797
    580.0000  1.92382532e-05      1.85620933
    590.0000  1.80362357e-05      1.74023227
    600.0000  1.69147073e-05      1.63202123
    610.0000  1.58677830e-05      1.53100838
    620.0000  1.48900352e-05      1.43667005
    630.0000  1.39764624e-05      1.34852368
    640.0000  1.31224489e-05      1.26612389
    650.0000  1.23237360e-05      1.18905982
    660.0000  1.15763954e-05      1.11695241
    670.0000  1.08767937e-05      1.04945110
    680.0000  1.02215836e-05      0.98623293
    690.0000  9.60766627e-06      0.92699891
    700.0000  9.03218323e-06      0.87147324
    710.0000  8.49248528e-06      0.81940030
    720.0000  7.98612712e-06      0.77054416
    730.0000  7.51084085e-06      0.72468601
    740.0000  7.06453138e-06      0.68162369
    750.0000  6.64525799e-06      0.64116995
    760.0000  6.25121525e-06      0.60315061
    770.0000  5.88073916e-06      0.56740510
    780.0000  5.53228113e-06      0.53378401
    790.0000  5.20439983e-06      0.50214827
    800.0000  4.89576812e-06      0.47236983
    810.0000  4.60514281e-06      0.44432875
    820.0000  4.33137290e-06      0.41791397
    830.0000  4.07338917e-06      0.39302233
    840.0000  3.83019652e-06      0.36955780
    850.0000  3.60086715e-06      0.34743088
    860.0000  3.38453644e-06      0.32655814
    870.0000  3.18040400e-06      0.30686235
    880.0000  2.98771669e-06      0.28827085
    890.0000  2.80578163e-06      0.27071678
    900.0000  2.63394285e-06      0.25413686
    910.0000  2.47159276e-06      0.23847246
    920.0000  2.31816187e-06      0.22366863
    930.0000  2.17312390e-06      0.20967459
    940.0000  2.03598004e-06      0.19644222
    950.0000  1.90626998e-06      0.18392710
    960.0000  1.78355496e-06      0.17208690
    970.0000  1.66743362e-06      0.16088289
    980.0000  1.55752297e-06      0.15027813
    990.0000  1.45347083e-06      0.14023862
   1000.0000  1.35493866e-06      0.13073171
   1010.0000  1.26161713e-06      0.12172755
   1020.0000  1.17321370e-06      0.11319792
   1030.0000  1.08945382e-06      0.10511632
   1040.0000  1.01007353e-06      0.09745728
   1050.0000  9.34837810e-07      0.09019814
   1060.0000  8.63514861e-07      0.08331652
   1070.0000  7.95891114e-07      0.07679182
   1080.0000  7.31766894e-07      0.07060478
   1090.0000  6.70948942e-07      0.06473673
   1100.0000  6.13265435e-07      0.05917112
   1110.0000  5.58544977e-07      0.05389140
   1120.0000  5.06628603e-07      0.04888223
   1130.0000  4.57371280e-07      0.04412962
   1140.0000  4.10632119e-07      0.03961998
   1150.0000  3.66276026e-07      0.03534027
   1160.0000  3.24183296e-07      0.03127893
   1170.0000  2.84232633e-07      0.02742428
   1180.0000  2.46314922e-07      0.02376578
   1190.0000  2.10324414e-07      0.02029322
   1200.0000  1.76165143e-07      0.01699735
   1210.0000  1.43741175e-07      0.01386892
   1220.0000  1.12967069e-07      0.01089967
   1230.0000  8.37579670e-08      0.00808142
   1240.0000  5.60351339e-08      0.00540657
   1250.0000  2.97239791e-08      0.00286793
   1260.0000  4.75551536e-09      0.00045884
   1270.0000  -1.89385319e-08     -0.00182729
   1280.0000  -4.14184051e-08     -0.00399627
   1290.0000  -6.27482654e-08     -0.00605429
   1300.0000  -8.29816832e-08     -0.00800652
   1310.0000  -1.02172747e-07     -0.00985817
   1320.0000  -1.20372695e-07     -0.01161420
   1330.0000  -1.37628782e-07     -0.01327916
   1340.0000  -1.53985089e-07     -0.01485730
   1350.0000  -1.69489550e-07     -0.01635326
   1360.0000  -1.84180448e-07     -0.01777071
   1370.0000  -1.98094447e-07     -0.01911321
   1380.0000  -2.11271676e-07     -0.02038462
   1390.0000  -2.23746143e-07     -0.02158822
   1400.0000  -2.35551045e-07     -0.02272722
   1410.0000  -2.46719323e-07     -0.02380480
   1420.0000  -2.57278699e-07     -0.02482362
   1430.0000  -2.67260624e-07     -0.02578673
   1440.0000  -2.76690976e-07     -0.02669662
   1450.0000  -2.85594110e-07     -0.02755564
   1460.0000  -2.93994771e-07     -0.02836618
   1470.0000  -3.01917931e-07     -0.02913065
   1480.0000  -3.09387816e-07     -0.02985139
   1490.0000  -3.16419519e-07     -0.03052984
   1500.0000  -3.23039404e-07     -0.03116857
   1510.0000  -3.29260525e-07     -0.03176881
   1520.0000  -3.35108045e-07     -0.03233301
   1530.0000  -3.40592655e-07     -0.03286220
   1540.0000  -3.45734984e-07     -0.03335836
   1550.0000  -3.50551227e-07     -0.03382305
   1560.0000  -3.55054146e-07     -0.03425752
   1570.0000  -3.59260096e-07     -0.03466333
   1580.0000  -3.63179863e-07     -0.03504153
   1590.0000  -3.66827697e-07     -0.03539349
   1600.0000  -3.70218270e-07     -0.03572063
   1610.0000  -3.73359454e-07     -0.03602371
   1620.0000  -3.76266599e-07     -0.03630421
   1630.0000  -3.78946054e-07     -0.03656274
   1640.0000  -3.81413624e-07     -0.03680082
   1650.0000  -3.83673974e-07     -0.03701891
   1660.0000  -3.85740156e-07     -0.03721827
   1670.0000  -3.87619101e-07     -0.03739956
   1680.0000  -3.89318841e-07     -0.03756356
   1690.0000  -3.90849449e-07     -0.03771124
   1700.0000  -3.92218958e-07     -0.03784338
   1710.0000  -3.93432225e-07     -0.03796044
   1720.0000  -3.94498126e-07     -0.03806328
   1730.0000  -3.95422359e-07     -0.03815246
   1740.0000  -3.96213542e-07     -0.03822880
   1750.0000  -3.96874944e-07     -0.03829261
   1760.0000  -3.97415829e-07     -0.03834480
   1770.0000  -3.97838011e-07     -0.03838553
   1780.0000  -3.98150267e-07     -0.03841566
   1790.0000  -3.98354864e-07     -0.03843540
   1800.0000  -3.98459965e-07     -0.03844554
   1810.0000  -3.98470296e-07     -0.03844654
   1820.0000  -3.98387156e-07     -0.03843852
   1830.0000  -3.98214558e-07     -0.03842187
   1840.0000  -3.97961217e-07     -0.03839742
   1850.0000  -3.97628297e-07     -0.03836530
   1860.0000  -3.97218519e-07     -0.03832576
   1870.0000  -3.96738298e-07     -0.03827943
   1880.0000  -3.96189445e-07     -0.03822647
   1890.0000  -3.95573289e-07     -0.03816702
   1900.0000  -3.94896794e-07     -0.03810175
   1910.0000  -3.94162356e-07     -0.03803089
   1920.0000  -3.93370720e-07     -0.03795451
   1930.0000  -3.92527295e-07     -0.03787313
   1940.0000  -3.91631725e-07     -0.03778672
   1950.0000  -3.90689257e-07     -0.03769578
   1960.0000  -3.89700441e-07     -0.03760038
   1970.0000  -3.88670362e-07     -0.03750099
   1980.0000  -3.87596267e-07     -0.03739736
   1990.0000  -3.86486092e-07     -0.03729024
   2000.0000  -3.85337893e-07     -0.03717946
