# Schottky free energy from phonopy; factor=1.968750000000
# X_S = X_2G + X_cVac - factor * X_nodef
# dE_ZPE = -0.07641577 eV
# E_DFT_Schottky = 5.04300774 eV
# T[K]  dF_vib[eV]  E_DFT[eV]  F_Schottky[eV]  dU_vib[eV]  U_Schottky[eV]
      0.0000     -0.07641577      5.04300774      4.96659196     -0.07641577      4.96659196
     10.0000     -0.07641564      5.04300774      4.96659210     -0.07641720      4.96659053
     20.0000     -0.07641160      5.04300774      4.96659614     -0.07642266      4.96658507
     30.0000     -0.07641139      5.04300774      4.96659634     -0.07637808      4.96662965
     40.0000     -0.07645010      5.04300774      4.96655764     -0.07614607      4.96686167
     50.0000     -0.07658389      5.04300774      4.96642385     -0.07557517      4.96743256
     60.0000     -0.07687251      5.04300774      4.96613523     -0.07456861      4.96843913
     70.0000     -0.07736641      5.04300774      4.96564132     -0.07309743      4.96991031
     80.0000     -0.07810180      5.04300774      4.96490593     -0.07118547      4.97182226
     90.0000     -0.07910056      5.04300774      4.96390717     -0.06888990      4.97411784
    100.0000     -0.08037223      5.04300774      4.96263550     -0.06628461      4.97672312
    110.0000     -0.08191671      5.04300774      4.96109102     -0.06344810      4.97955963
    120.0000     -0.08372684      5.04300774      4.95928089     -0.06045547      4.98255227
    130.0000     -0.08579069      5.04300774      4.95721704     -0.05737393      4.98563380
    140.0000     -0.08809333      5.04300774      4.95491440     -0.05426087      4.98874687
    150.0000     -0.09061823      5.04300774      4.95238950     -0.05116339      4.99184434
    160.0000     -0.09334824      5.04300774      4.94965950     -0.04811890      4.99488884
    170.0000     -0.09626628      5.04300774      4.94674146     -0.04515608      4.99785166
    180.0000     -0.09935582      5.04300774      4.94365192     -0.04229611      5.00071163
    190.0000     -0.10260117      5.04300774      4.94040656     -0.03955387      5.00345387
    200.0000     -0.10598766      5.04300774      4.93702008     -0.03693905      5.00606868
    210.0000     -0.10950169      5.04300774      4.93350605     -0.03445720      5.00855053
    220.0000     -0.11313078      5.04300774      4.92987696     -0.03211055      5.01089719
    230.0000     -0.11686355      5.04300774      4.92614419     -0.02989879      5.01310894
    240.0000     -0.12068965      5.04300774      4.92231808     -0.02781968      5.01518805
    250.0000     -0.12459975      5.04300774      4.91840798     -0.02586955      5.01713819
    260.0000     -0.12858541      5.04300774      4.91442233     -0.02404370      5.01896404
    270.0000     -0.13263903      5.04300774      4.91036871     -0.02233674      5.02067100
    280.0000     -0.13675379      5.04300774      4.90625394     -0.02074286      5.02226488
    290.0000     -0.14092359      5.04300774      4.90208415     -0.01925600      5.02375173
    300.0000     -0.14514293      5.04300774      4.89786480     -0.01787004      5.02513770
    310.0000     -0.14940690      5.04300774      4.89360083     -0.01657888      5.02642885
    320.0000     -0.15371109      5.04300774      4.88929664     -0.01537657      5.02763117
    330.0000     -0.15805157      5.04300774      4.88495617     -0.01425733      5.02875040
    340.0000     -0.16242478      5.04300774      4.88058295     -0.01321563      5.02979210
    350.0000     -0.16682758      5.04300774      4.87618016     -0.01224619      5.03076155
    360.0000     -0.17125711      5.04300774      4.87175063     -0.01134400      5.03166373
    370.0000     -0.17571083      5.04300774      4.86729690     -0.01050437      5.03250337
    380.0000     -0.18018647      5.04300774      4.86282127     -0.00972284      5.03328489
    390.0000     -0.18468196      5.04300774      4.85832578     -0.00899530      5.03401244
    400.0000     -0.18919546      5.04300774      4.85381228     -0.00831785      5.03468989
    410.0000     -0.19372531      5.04300774      4.84928242     -0.00768689      5.03532085
    420.0000     -0.19827003      5.04300774      4.84473770     -0.00709907      5.03590867
    430.0000     -0.20282827      5.04300774      4.84017947     -0.00655126      5.03645647
    440.0000     -0.20739881      5.04300774      4.83560893     -0.00604058      5.03696715
    450.0000     -0.21198057      5.04300774      4.83102717     -0.00556435      5.03744338
    460.0000     -0.21657255      5.04300774      4.82643518     -0.00512008      5.03788765
    470.0000     -0.22117387      5.04300774      4.82183386     -0.00470548      5.03830226
    480.0000     -0.22578372      5.04300774      4.81722402     -0.00431841      5.03868933
    490.0000     -0.23040136      5.04300774      4.81260637     -0.00395692      5.03905082
    500.0000     -0.23502614      5.04300774      4.80798160     -0.00361917      5.03938856
    510.0000     -0.23965745      5.04300774      4.80335029     -0.00330350      5.03970423
    520.0000     -0.24429475      5.04300774      4.79871299     -0.00300835      5.03999939
    530.0000     -0.24893754      5.04300774      4.79407020     -0.00273227      5.04027547
    540.0000     -0.25358537      5.04300774      4.78942237     -0.00247394      5.04053379
    550.0000     -0.25823783      5.04300774      4.78476991     -0.00223213      5.04077560
    560.0000     -0.26289455      5.04300774      4.78011319     -0.00200570      5.04100203
    570.0000     -0.26755518      5.04300774      4.77545256     -0.00179360      5.04121414
    580.0000     -0.27221942      5.04300774      4.77078832     -0.00159485      5.04141289
    590.0000     -0.27688697      5.04300774      4.76612076     -0.00140854      5.04159919
    600.0000     -0.28155759      5.04300774      4.76145015     -0.00123385      5.04177388
    610.0000     -0.28623102      5.04300774      4.75677672     -0.00107000      5.04193774
    620.0000     -0.29090706      5.04300774      4.75210068     -0.00091627      5.04209147
    630.0000     -0.29558550      5.04300774      4.74742224     -0.00077199      5.04223575
    640.0000     -0.30026616      5.04300774      4.74274158     -0.00063654      5.04237120
    650.0000     -0.30494887      5.04300774      4.73805886     -0.00050935      5.04249838
    660.0000     -0.30963348      5.04300774      4.73337426     -0.00038989      5.04261784
    670.0000     -0.31431984      5.04300774      4.72868789     -0.00027767      5.04273007
    680.0000     -0.31900783      5.04300774      4.72399990     -0.00017221      5.04283553
    690.0000     -0.32369732      5.04300774      4.71931041     -0.00007310      5.04293464
    700.0000     -0.32838821      5.04300774      4.71461953      0.00002007      5.04302781
    710.0000     -0.33308038      5.04300774      4.70992735      0.00010767      5.04311540
    720.0000     -0.33777376      5.04300774      4.70523398      0.00019003      5.04319777
    730.0000     -0.34246824      5.04300774      4.70053950      0.00026749      5.04327523
    740.0000     -0.34716375      5.04300774      4.69584399      0.00034035      5.04334808
    750.0000     -0.35186022      5.04300774      4.69114752      0.00040887      5.04341661
    760.0000     -0.35655757      5.04300774      4.68645016      0.00047334      5.04348107
    770.0000     -0.36125575      5.04300774      4.68175199      0.00053398      5.04354171
    780.0000     -0.36595469      5.04300774      4.67705305      0.00059102      5.04359876
    790.0000     -0.37065434      5.04300774      4.67235340      0.00064469      5.04365243
    800.0000     -0.37535465      5.04300774      4.66765309      0.00069517      5.04370291
    810.0000     -0.38005557      5.04300774      4.66295217      0.00074267      5.04375040
    820.0000     -0.38475706      5.04300774      4.65825068      0.00078733      5.04379507
    830.0000     -0.38945908      5.04300774      4.65354866      0.00082935      5.04383708
    840.0000     -0.39416159      5.04300774      4.64884615      0.00086885      5.04387659
    850.0000     -0.39886455      5.04300774      4.64414318      0.00090599      5.04391373
    860.0000     -0.40356794      5.04300774      4.63943979      0.00094091      5.04394865
    870.0000     -0.40827173      5.04300774      4.63473601      0.00097373      5.04398146
    880.0000     -0.41297588      5.04300774      4.63003186      0.00100456      5.04401230
    890.0000     -0.41768036      5.04300774      4.62532737      0.00103352      5.04404125
    900.0000     -0.42238517      5.04300774      4.62062257      0.00106071      5.04406844
    910.0000     -0.42709026      5.04300774      4.61591747      0.00108623      5.04409397
    920.0000     -0.43179563      5.04300774      4.61121210      0.00111017      5.04411791
    930.0000     -0.43650125      5.04300774      4.60650648      0.00113262      5.04414036
    940.0000     -0.44120711      5.04300774      4.60180063      0.00115366      5.04416139
    950.0000     -0.44591318      5.04300774      4.59709456      0.00117336      5.04418110
    960.0000     -0.45061945      5.04300774      4.59238828      0.00119181      5.04419954
    970.0000     -0.45532591      5.04300774      4.58768183      0.00120906      5.04421679
    980.0000     -0.46003254      5.04300774      4.58297520      0.00122518      5.04423291
    990.0000     -0.46473933      5.04300774      4.57826841      0.00124023      5.04424796
   1000.0000     -0.46944626      5.04300774      4.57356147      0.00125427      5.04426200
   1010.0000     -0.47415334      5.04300774      4.56885440      0.00126734      5.04427508
   1020.0000     -0.47886053      5.04300774      4.56414720      0.00127951      5.04428725
   1030.0000     -0.48356784      5.04300774      4.55943989      0.00129082      5.04429856
   1040.0000     -0.48827526      5.04300774      4.55473248      0.00130132      5.04430905
   1050.0000     -0.49298277      5.04300774      4.55002496      0.00131104      5.04431877
   1060.0000     -0.49769038      5.04300774      4.54531736      0.00132003      5.04432776
   1070.0000     -0.50239806      5.04300774      4.54060967      0.00132832      5.04433606
   1080.0000     -0.50710582      5.04300774      4.53590191      0.00133596      5.04434369
   1090.0000     -0.51181365      5.04300774      4.53119409      0.00134297      5.04435070
   1100.0000     -0.51652154      5.04300774      4.52648620      0.00134939      5.04435712
   1110.0000     -0.52122948      5.04300774      4.52177826      0.00135524      5.04436298
   1120.0000     -0.52593748      5.04300774      4.51707026      0.00136057      5.04436830
   1130.0000     -0.53064552      5.04300774      4.51236222      0.00136538      5.04437312
   1140.0000     -0.53535360      5.04300774      4.50765414      0.00136972      5.04437746
   1150.0000     -0.54006171      5.04300774      4.50294602      0.00137360      5.04438134
   1160.0000     -0.54476986      5.04300774      4.49823787      0.00137705      5.04438479
   1170.0000     -0.54947804      5.04300774      4.49352970      0.00138010      5.04438783
   1180.0000     -0.55418624      5.04300774      4.48882150      0.00138275      5.04439048
   1190.0000     -0.55889446      5.04300774      4.48411327      0.00138503      5.04439276
   1200.0000     -0.56360270      5.04300774      4.47940504      0.00138696      5.04439469
   1210.0000     -0.56831095      5.04300774      4.47469678      0.00138856      5.04439629
   1220.0000     -0.57301922      5.04300774      4.46998852      0.00138984      5.04439757
   1230.0000     -0.57772749      5.04300774      4.46528024      0.00139082      5.04439856
   1240.0000     -0.58243578      5.04300774      4.46057196      0.00139152      5.04439926
   1250.0000     -0.58714406      5.04300774      4.45586367      0.00139195      5.04439968
   1260.0000     -0.59185235      5.04300774      4.45115538      0.00139212      5.04439986
   1270.0000     -0.59656064      5.04300774      4.44644709      0.00139205      5.04439978
   1280.0000     -0.60126893      5.04300774      4.44173881      0.00139174      5.04439948
   1290.0000     -0.60597722      5.04300774      4.43703052      0.00139122      5.04439896
   1300.0000     -0.61068549      5.04300774      4.43232224      0.00139049      5.04439823
   1310.0000     -0.61539377      5.04300774      4.42761397      0.00138957      5.04439730
   1320.0000     -0.62010203      5.04300774      4.42290570      0.00138845      5.04439619
   1330.0000     -0.62481029      5.04300774      4.41819745      0.00138716      5.04439490
   1340.0000     -0.62951854      5.04300774      4.41348920      0.00138570      5.04439344
   1350.0000     -0.63422677      5.04300774      4.40878097      0.00138408      5.04439182
   1360.0000     -0.63893499      5.04300774      4.40407274      0.00138232      5.04439005
   1370.0000     -0.64364320      5.04300774      4.39936454      0.00138040      5.04438814
   1380.0000     -0.64835139      5.04300774      4.39465634      0.00137836      5.04438609
   1390.0000     -0.65305957      5.04300774      4.38994816      0.00137618      5.04438392
   1400.0000     -0.65776774      5.04300774      4.38524000      0.00137388      5.04438162
   1410.0000     -0.66247588      5.04300774      4.38053185      0.00137147      5.04437921
   1420.0000     -0.66718401      5.04300774      4.37582373      0.00136895      5.04437669
   1430.0000     -0.67189212      5.04300774      4.37111561      0.00136633      5.04437406
   1440.0000     -0.67660021      5.04300774      4.36640752      0.00136361      5.04437134
   1450.0000     -0.68130829      5.04300774      4.36169945      0.00136080      5.04436853
   1460.0000     -0.68601634      5.04300774      4.35699140      0.00135790      5.04436563
   1470.0000     -0.69072437      5.04300774      4.35228337      0.00135492      5.04436265
   1480.0000     -0.69543238      5.04300774      4.34757535      0.00135186      5.04435960
   1490.0000     -0.70014037      5.04300774      4.34286736      0.00134873      5.04435647
   1500.0000     -0.70484834      5.04300774      4.33815939      0.00134553      5.04435327
   1510.0000     -0.70955629      5.04300774      4.33345144      0.00134227      5.04435001
   1520.0000     -0.71426422      5.04300774      4.32874352      0.00133895      5.04434669
   1530.0000     -0.71897212      5.04300774      4.32403561      0.00133557      5.04434331
   1540.0000     -0.72368000      5.04300774      4.31932773      0.00133214      5.04433988
   1550.0000     -0.72838787      5.04300774      4.31461987      0.00132866      5.04433639
   1560.0000     -0.73309570      5.04300774      4.30991203      0.00132513      5.04433286
   1570.0000     -0.73780352      5.04300774      4.30520422      0.00132156      5.04432929
   1580.0000     -0.74251131      5.04300774      4.30049643      0.00131794      5.04432568
   1590.0000     -0.74721908      5.04300774      4.29578866      0.00131429      5.04432203
   1600.0000     -0.75192682      5.04300774      4.29108091      0.00131061      5.04431834
   1610.0000     -0.75663454      5.04300774      4.28637319      0.00130689      5.04431463
   1620.0000     -0.76134225      5.04300774      4.28166549      0.00130314      5.04431088
   1630.0000     -0.76604992      5.04300774      4.27695782      0.00129936      5.04430710
   1640.0000     -0.77075757      5.04300774      4.27225016      0.00129556      5.04430330
   1650.0000     -0.77546520      5.04300774      4.26754253      0.00129174      5.04429947
   1660.0000     -0.78017281      5.04300774      4.26283493      0.00128789      5.04429563
   1670.0000     -0.78488039      5.04300774      4.25812734      0.00128402      5.04429176
   1680.0000     -0.78958795      5.04300774      4.25341979      0.00128014      5.04428787
   1690.0000     -0.79429549      5.04300774      4.24871225      0.00127624      5.04428397
   1700.0000     -0.79900300      5.04300774      4.24400474      0.00127232      5.04428006
   1710.0000     -0.80371049      5.04300774      4.23929724      0.00126839      5.04427613
   1720.0000     -0.80841796      5.04300774      4.23458978      0.00126445      5.04427219
   1730.0000     -0.81312540      5.04300774      4.22988233      0.00126051      5.04426824
   1740.0000     -0.81783282      5.04300774      4.22517491      0.00125655      5.04426428
   1750.0000     -0.82254022      5.04300774      4.22046751      0.00125258      5.04426032
   1760.0000     -0.82724760      5.04300774      4.21576013      0.00124861      5.04425635
   1770.0000     -0.83195495      5.04300774      4.21105278      0.00124463      5.04425237
   1780.0000     -0.83666229      5.04300774      4.20634545      0.00124065      5.04424839
   1790.0000     -0.84136959      5.04300774      4.20163814      0.00123667      5.04424441
   1800.0000     -0.84607688      5.04300774      4.19693086      0.00123269      5.04424042
   1810.0000     -0.85078414      5.04300774      4.19222359      0.00122870      5.04423644
   1820.0000     -0.85549139      5.04300774      4.18751635      0.00122472      5.04423245
   1830.0000     -0.86019861      5.04300774      4.18280913      0.00122073      5.04422847
   1840.0000     -0.86490580      5.04300774      4.17810193      0.00121675      5.04422449
   1850.0000     -0.86961298      5.04300774      4.17339475      0.00121278      5.04422051
   1860.0000     -0.87432014      5.04300774      4.16868760      0.00120880      5.04421654
   1870.0000     -0.87902727      5.04300774      4.16398046      0.00120483      5.04421257
   1880.0000     -0.88373438      5.04300774      4.15927335      0.00120087      5.04420860
   1890.0000     -0.88844148      5.04300774      4.15456626      0.00119691      5.04420464
   1900.0000     -0.89314855      5.04300774      4.14985919      0.00119295      5.04420069
   1910.0000     -0.89785560      5.04300774      4.14515214      0.00118901      5.04419675
   1920.0000     -0.90256263      5.04300774      4.14044511      0.00118507      5.04419281
   1930.0000     -0.90726964      5.04300774      4.13573810      0.00118114      5.04418888
   1940.0000     -0.91197663      5.04300774      4.13103111      0.00117722      5.04418496
   1950.0000     -0.91668359      5.04300774      4.12632414      0.00117331      5.04418105
   1960.0000     -0.92139054      5.04300774      4.12161719      0.00116941      5.04417714
   1970.0000     -0.92609747      5.04300774      4.11691027      0.00116552      5.04417325
   1980.0000     -0.93080438      5.04300774      4.11220336      0.00116164      5.04416937
   1990.0000     -0.93551127      5.04300774      4.10749647      0.00115777      5.04416550
   2000.0000     -0.94021814      5.04300774      4.10278960      0.00115391      5.04416164
