# Schottky formation entropy from phonopy; factor=1.968750000000
# X_S = X_2G + X_cVac - factor * X_nodef  (X = entropy)
# T[K]  dS_vib[eV/K]  dS_vib[J/K/mol]
      0.0000  0.00000000e+00      0.00000000
     10.0000  -1.56536157e-07     -0.01510344
     20.0000  -5.53269369e-07     -0.05338238
     30.0000  1.11031179e-06      0.10712881
     40.0000  7.60071483e-06      0.73335753
     50.0000  2.01742793e-05      1.94652213
     60.0000  3.83983642e-05      3.70487909
     70.0000  6.09854590e-05      5.88420253
     80.0000  8.64541513e-05      8.34155788
     90.0000  1.13451854e-04     10.94644033
    100.0000  1.40876214e-04     13.59248895
    110.0000  1.67896441e-04     16.19954462
    120.0000  1.93928159e-04     18.71122364
    130.0000  2.18590473e-04     21.09077536
    140.0000  2.41660466e-04     23.31669141
    150.0000  2.63032274e-04     25.37875746
    160.0000  2.82683381e-04     27.27480109
    170.0000  3.00648232e-04     29.00814583
    180.0000  3.16998384e-04     30.58569574
    190.0000  3.31827923e-04     32.01652880
    200.0000  3.45243031e-04     33.31089003
    210.0000  3.57354705e-04     34.47948899
    220.0000  3.68273771e-04     35.53301873
    230.0000  3.78107635e-04     36.48184234
    240.0000  3.86958220e-04     37.33579403
    250.0000  3.94920815e-04     38.10406770
    260.0000  4.02083498e-04     38.79516161
    270.0000  4.08526985e-04     39.41686356
    280.0000  4.14324767e-04     39.97626451
    290.0000  4.19543414e-04     40.47978747
    300.0000  4.24242982e-04     40.93322690
    310.0000  4.28477486e-04     41.34179440
    320.0000  4.32295390e-04     41.71016617
    330.0000  4.35740102e-04     42.04253032
    340.0000  4.38850448e-04     42.34263315
    350.0000  4.41661112e-04     42.61382098
    360.0000  4.44203071e-04     42.85908277
    370.0000  4.46503972e-04     43.08108594
    380.0000  4.48588483e-04     43.28221073
    390.0000  4.50478620e-04     43.46458120
    400.0000  4.52194029e-04     43.63009302
    410.0000  4.53752258e-04     43.78043926
    420.0000  4.55168964e-04     43.91713063
    430.0000  4.56458154e-04     44.04151860
    440.0000  4.57632333e-04     44.15480959
    450.0000  4.58702704e-04     44.25808469
    460.0000  4.59679283e-04     44.35231031
    470.0000  4.60571050e-04     44.43835272
    480.0000  4.61386058e-04     44.51698907
    490.0000  4.62131522e-04     44.58891534
    500.0000  4.62813930e-04     44.65475780
    510.0000  4.63439111e-04     44.71507853
    520.0000  4.64012307e-04     44.77038361
    530.0000  4.64538240e-04     44.82112835
    540.0000  4.65021160e-04     44.86772313
    550.0000  4.65464906e-04     44.91053808
    560.0000  4.65872942e-04     44.94990756
    570.0000  4.66248390e-04     44.98613280
    580.0000  4.66594088e-04     45.01948756
    590.0000  4.66912590e-04     45.05021834
    600.0000  4.67206220e-04     45.07854935
    610.0000  4.67477081e-04     45.10468344
    620.0000  4.67727083e-04     45.12880496
    630.0000  4.67957957e-04     45.15108096
    640.0000  4.68171280e-04     45.17166350
    650.0000  4.68368487e-04     45.19069108
    660.0000  4.68550887e-04     45.20828994
    670.0000  4.68719668e-04     45.22457485
    680.0000  4.68875913e-04     45.23965019
    690.0000  4.69020616e-04     45.25361195
    700.0000  4.69154685e-04     45.26654762
    710.0000  4.69278943e-04     45.27853673
    720.0000  4.69394152e-04     45.28965266
    730.0000  4.69501001e-04     45.29996209
    740.0000  4.69600131e-04     45.30952662
    750.0000  4.69692120e-04     45.31840224
    760.0000  4.69777509e-04     45.32664102
    770.0000  4.69856784e-04     45.33428986
    780.0000  4.69930399e-04     45.34139271
    790.0000  4.69998771e-04     45.34798953
    800.0000  4.70062278e-04     45.35411707
    810.0000  4.70121277e-04     45.35980957
    820.0000  4.70176089e-04     45.36509816
    830.0000  4.70227017e-04     45.37001193
    840.0000  4.70274333e-04     45.37457720
    850.0000  4.70318292e-04     45.37881863
    860.0000  4.70359134e-04     45.38275926
    870.0000  4.70397073e-04     45.38641988
    880.0000  4.70432310e-04     45.38981975
    890.0000  4.70465035e-04     45.39297715
    900.0000  4.70495418e-04     45.39590869
    910.0000  4.70523618e-04     45.39862959
    920.0000  4.70549785e-04     45.40115432
    930.0000  4.70574056e-04     45.40349617
    940.0000  4.70596560e-04     45.40566740
    950.0000  4.70617413e-04     45.40767945
    960.0000  4.70636726e-04     45.40954289
    970.0000  4.70654604e-04     45.41126778
    980.0000  4.70671138e-04     45.41286308
    990.0000  4.70686418e-04     45.41433744
   1000.0000  4.70700528e-04     45.41569878
   1010.0000  4.70713542e-04     45.41695450
   1020.0000  4.70725533e-04     45.41811138
   1030.0000  4.70736568e-04     45.41917615
   1040.0000  4.70746709e-04     45.42015460
   1050.0000  4.70756009e-04     45.42105196
   1060.0000  4.70764531e-04     45.42187416
   1070.0000  4.70772320e-04     45.42262565
   1080.0000  4.70779423e-04     45.42331101
   1090.0000  4.70785885e-04     45.42393450
   1100.0000  4.70791748e-04     45.42450021
   1110.0000  4.70797049e-04     45.42501164
   1120.0000  4.70801823e-04     45.42547234
   1130.0000  4.70806105e-04     45.42588540
   1140.0000  4.70809927e-04     45.42625424
   1150.0000  4.70813319e-04     45.42658147
   1160.0000  4.70816307e-04     45.42686984
   1170.0000  4.70818917e-04     45.42712164
   1180.0000  4.70821172e-04     45.42733919
   1190.0000  4.70823100e-04     45.42752520
   1200.0000  4.70824714e-04     45.42768098
   1210.0000  4.70826041e-04     45.42780902
   1220.0000  4.70827098e-04     45.42791092
   1230.0000  4.70827898e-04     45.42798817
   1240.0000  4.70828466e-04     45.42804292
   1250.0000  4.70828808e-04     45.42807594
   1260.0000  4.70828945e-04     45.42808913
   1270.0000  4.70828888e-04     45.42808368
   1280.0000  4.70828650e-04     45.42806073
   1290.0000  4.70828244e-04     45.42802158
   1300.0000  4.70827681e-04     45.42796724
   1310.0000  4.70826970e-04     45.42789859
   1320.0000  4.70826124e-04     45.42781699
   1330.0000  4.70825151e-04     45.42772310
   1340.0000  4.70824057e-04     45.42761753
   1350.0000  4.70822855e-04     45.42750160
   1360.0000  4.70821550e-04     45.42737562
   1370.0000  4.70820148e-04     45.42724038
   1380.0000  4.70818659e-04     45.42709677
   1390.0000  4.70817090e-04     45.42694531
   1400.0000  4.70815442e-04     45.42678633
   1410.0000  4.70813726e-04     45.42662076
   1420.0000  4.70811944e-04     45.42644885
   1430.0000  4.70810103e-04     45.42627118
   1440.0000  4.70808209e-04     45.42608849
   1450.0000  4.70806263e-04     45.42590069
   1460.0000  4.70804272e-04     45.42570857
   1470.0000  4.70802236e-04     45.42551218
   1480.0000  4.70800163e-04     45.42531216
   1490.0000  4.70798057e-04     45.42510896
   1500.0000  4.70795918e-04     45.42490258
   1510.0000  4.70793751e-04     45.42469347
   1520.0000  4.70791557e-04     45.42448180
   1530.0000  4.70789341e-04     45.42426798
   1540.0000  4.70787107e-04     45.42405242
   1550.0000  4.70784852e-04     45.42383481
   1560.0000  4.70782583e-04     45.42361595
   1570.0000  4.70780302e-04     45.42339584
   1580.0000  4.70778007e-04     45.42317443
   1590.0000  4.70775706e-04     45.42295237
   1600.0000  4.70773394e-04     45.42272930
   1610.0000  4.70771077e-04     45.42250576
   1620.0000  4.70768758e-04     45.42228198
   1630.0000  4.70766433e-04     45.42205766
   1640.0000  4.70764106e-04     45.42183319
   1650.0000  4.70761781e-04     45.42160880
   1660.0000  4.70759457e-04     45.42138457
   1670.0000  4.70757135e-04     45.42116055
   1680.0000  4.70754816e-04     45.42093682
   1690.0000  4.70752500e-04     45.42071337
   1700.0000  4.70750190e-04     45.42049051
   1710.0000  4.70747886e-04     45.42026818
   1720.0000  4.70745589e-04     45.42004658
   1730.0000  4.70743299e-04     45.41982563
   1740.0000  4.70741017e-04     45.41960543
   1750.0000  4.70738746e-04     45.41938630
   1760.0000  4.70736483e-04     45.41916798
   1770.0000  4.70734230e-04     45.41895053
   1780.0000  4.70731988e-04     45.41873421
   1790.0000  4.70729757e-04     45.41851896
   1800.0000  4.70727537e-04     45.41830481
   1810.0000  4.70725328e-04     45.41809168
   1820.0000  4.70723133e-04     45.41787989
   1830.0000  4.70720951e-04     45.41766936
   1840.0000  4.70718781e-04     45.41745994
   1850.0000  4.70716624e-04     45.41725185
   1860.0000  4.70714482e-04     45.41704518
   1870.0000  4.70712353e-04     45.41683980
   1880.0000  4.70710240e-04     45.41663584
   1890.0000  4.70708140e-04     45.41643324
   1900.0000  4.70706053e-04     45.41623191
   1910.0000  4.70703984e-04     45.41603224
   1920.0000  4.70701927e-04     45.41583384
   1930.0000  4.70699885e-04     45.41563680
   1940.0000  4.70697859e-04     45.41544132
   1950.0000  4.70695849e-04     45.41524740
   1960.0000  4.70693852e-04     45.41505466
   1970.0000  4.70691871e-04     45.41486354
   1980.0000  4.70689906e-04     45.41467397
   1990.0000  4.70687957e-04     45.41448593
   2000.0000  4.70686022e-04     45.41429922
