# Schottky from phonopy; factor=1.968750000000
# X_S = X_2G + X_cVac - factor * X_nodef
# T[K]  dF_vib[eV]  dU_vib[eV]  E_DFT[eV]  F_Schottky[eV]  U_Schottky[eV]  dS[eV/K]  dS[J/K/mol]  dCv[eV/K]  dCv[J/K/mol]
      0.0000     -0.07641577     -0.07641577      5.04300774      4.96659196      4.96659196  0.00000000e+00      0.00000000  0.00000000e+00      0.00000000
     10.0000     -0.07641564     -0.07641720      5.04300774      4.96659210      4.96659053  -1.56536157e-07     -0.01510344  -4.90270159e-07     -0.04730388
     20.0000     -0.07641160     -0.07642266      5.04300774      4.96659614      4.96658507  -5.53269369e-07     -0.05338238  2.51286014e-07      0.02424542
     30.0000     -0.07641139     -0.07637808      5.04300774      4.96659634      4.96662965  1.11031179e-06      0.10712881  1.11049535e-05      1.07146517
     40.0000     -0.07645010     -0.07614607      5.04300774      4.96655764      4.96686167  7.60071483e-06      0.73335753  3.79490203e-05      3.66152399
     50.0000     -0.07658389     -0.07557517      5.04300774      4.96642385      4.96743256  2.01742793e-05      1.94652213  7.78541841e-05      7.51178715
     60.0000     -0.07687251     -0.07456861      5.04300774      4.96613523      4.96843913  3.83983642e-05      3.70487909  1.23910815e-04     11.95557664
     70.0000     -0.07736641     -0.07309743      5.04300774      4.96564132      4.96991031  6.09854590e-05      5.88420253  1.69893585e-04     16.39223975
     80.0000     -0.07810180     -0.07118547      5.04300774      4.96490593      4.97182226  8.64541513e-05      8.34155788  2.11517182e-04     20.40830647
     90.0000     -0.07910056     -0.06888990      5.04300774      4.96390717      4.97411784  1.13451854e-04     10.94644033  2.46346144e-04     23.76879057
    100.0000     -0.08037223     -0.06628461      5.04300774      4.96263550      4.97672312  1.40876214e-04     13.59248895  2.73389432e-04     26.37807128
    110.0000     -0.08191671     -0.06344810      5.04300774      4.96109102      4.97955963  1.67896441e-04     16.19954462  2.92653500e-04     28.23677143
    120.0000     -0.08372684     -0.06045547      5.04300774      4.95928089      4.98255227  1.93928159e-04     18.71122364  3.04750366e-04     29.40394158
    130.0000     -0.08579069     -0.05737393      5.04300774      4.95721704      4.98563380  2.18590473e-04     21.09077536  3.10599917e-04     29.96833748
    140.0000     -0.08809333     -0.05426087      5.04300774      4.95491440      4.98874687  2.41660466e-04     23.31669141  3.11228420e-04     30.02897886
    150.0000     -0.09061823     -0.05116339      5.04300774      4.95238950      4.99184434  2.63032274e-04     25.37875746  3.07645510e-04     29.68328054
    160.0000     -0.09334824     -0.04811890      5.04300774      4.94965950      4.99488884  2.82683381e-04     27.27480109  3.00777279e-04     29.02059692
    170.0000     -0.09626628     -0.04515608      5.04300774      4.94674146      4.99785166  3.00648232e-04     29.00814583  2.91435940e-04     28.11929476
    180.0000     -0.09935582     -0.04229611      5.04300774      4.94365192      5.00071163  3.16998384e-04     30.58569574  2.80311606e-04     27.04595962
    190.0000     -0.10260117     -0.03955387      5.04300774      4.94040656      5.00345387  3.31827923e-04     32.01652880  2.67976497e-04     25.85580249
    200.0000     -0.10598766     -0.03693905      5.04300774      4.93702008      5.00606868  3.45243031e-04     33.31089003  2.54895457e-04     24.59367393
    210.0000     -0.10950169     -0.03445720      5.04300774      4.93350605      5.00855053  3.57354705e-04     34.47948899  2.41439072e-04     23.29533007
    220.0000     -0.11313078     -0.03211055      5.04300774      4.92987696      5.01089719  3.68273771e-04     35.53301873  2.27897312e-04     21.98874884
    230.0000     -0.11686355     -0.02989879      5.04300774      4.92614419      5.01310894  3.78107635e-04     36.48184234  2.14492524e-04     20.69538336
    240.0000     -0.12068965     -0.02781968      5.04300774      4.92231808      5.01518805  3.86958220e-04     37.33579403  2.01391195e-04     19.43129720
    250.0000     -0.12459975     -0.02586955      5.04300774      4.91840798      5.01713819  3.94920815e-04     38.10406770  1.88714318e-04     18.20816451
    260.0000     -0.12858541     -0.02404370      5.04300774      4.91442233      5.01896404  4.02083498e-04     38.79516161  1.76546279e-04     17.03412716
    270.0000     -0.13263903     -0.02233674      5.04300774      4.91036871      5.02067100  4.08526985e-04     39.41686356  1.64942357e-04     15.91451877
    280.0000     -0.13675379     -0.02074286      5.04300774      4.90625394      5.02226488  4.14324767e-04     39.97626451  1.53934981e-04     14.85246844
    290.0000     -0.14092359     -0.01925600      5.04300774      4.90208415      5.02375173  4.19543414e-04     40.47978747  1.43538893e-04     13.84939834
    300.0000     -0.14514293     -0.01787004      5.04300774      4.89786480      5.02513770  4.24242982e-04     40.93322690  1.33755339e-04     12.90542889
    310.0000     -0.14940690     -0.01657888      5.04300774      4.89360083      5.02642885  4.28477486e-04     41.34179440  1.24575482e-04     12.01970727
    320.0000     -0.15371109     -0.01537657      5.04300774      4.88929664      5.02763117  4.32295390e-04     41.71016617  1.15983101e-04     11.19066853
    330.0000     -0.15805157     -0.01425733      5.04300774      4.88495617      5.02875040  4.35740102e-04     42.04253032  1.07956780e-04     10.41624623
    340.0000     -0.16242478     -0.01321563      5.04300774      4.88058295      5.02979210  4.38850448e-04     42.34263315  1.00471579e-04      9.69403410
    350.0000     -0.16682758     -0.01224619      5.04300774      4.87618016      5.03076155  4.41661112e-04     42.61382098  9.35003890e-05      9.02141649
    360.0000     -0.17125711     -0.01134400      5.04300774      4.87175063      5.03166373  4.44203071e-04     42.85908277  8.70149232e-05      8.39566414
    370.0000     -0.17571083     -0.01050437      5.04300774      4.86729690      5.03250337  4.46503972e-04     43.08108594  8.09865229e-05      7.81401191
    380.0000     -0.18018647     -0.00972284      5.04300774      4.86282127      5.03328489  4.48588483e-04     43.28221073  7.53867131e-05      7.27371237
    390.0000     -0.18468196     -0.00899530      5.04300774      4.85832578      5.03401244  4.50478620e-04     43.46458120  7.01876367e-05      6.77207774
    400.0000     -0.18919546     -0.00831785      5.04300774      4.85381228      5.03468989  4.52194029e-04     43.63009302  6.53623621e-05      6.30650950
    410.0000     -0.19372531     -0.00768689      5.04300774      4.84928242      5.03532085  4.53752258e-04     43.78043926  6.08850858e-05      5.87451799
    420.0000     -0.19827003     -0.00709907      5.04300774      4.84473770      5.03590867  4.55168964e-04     43.91713063  5.67312619e-05      5.47373489
    430.0000     -0.20282827     -0.00655126      5.04300774      4.84017947      5.03645647  4.56458154e-04     44.04151860  5.28776872e-05      5.10192144
    440.0000     -0.20739881     -0.00604058      5.04300774      4.83560893      5.03696715  4.57632333e-04     44.15480959  4.93025198e-05      4.75697021
    450.0000     -0.21198057     -0.00556435      5.04300774      4.83102717      5.03744338  4.58702704e-04     44.25808469  4.59853011e-05      4.43690725
    460.0000     -0.21657255     -0.00512008      5.04300774      4.82643518      5.03788765  4.59679283e-04     44.35231031  4.29069032e-05      4.13988699
    470.0000     -0.22117387     -0.00470548      5.04300774      4.82183386      5.03830226  4.60571050e-04     44.43835272  4.00495157e-05      3.86419099
    480.0000     -0.22578372     -0.00431841      5.04300774      4.81722402      5.03868933  4.61386058e-04     44.51698907  3.73965769e-05      3.60822131
    490.0000     -0.23040136     -0.00395692      5.04300774      4.81260637      5.03905082  4.62131522e-04     44.58891534  3.49327259e-05      3.37049581
    500.0000     -0.23502614     -0.00361917      5.04300774      4.80798160      5.03938856  4.62813930e-04     44.65475780  3.26437201e-05      3.14964032
    510.0000     -0.23965745     -0.00330350      5.04300774      4.80335029      5.03970423  4.63439111e-04     44.71507853  3.05163883e-05      2.94438399
    520.0000     -0.24429475     -0.00300835      5.04300774      4.79871299      5.03999939  4.64012307e-04     44.77038361  2.85385531e-05      2.75355189
    530.0000     -0.24893754     -0.00273227      5.04300774      4.79407020      5.04027547  4.64538240e-04     44.82112835  2.66989659e-05      2.57605871
    540.0000     -0.25358537     -0.00247394      5.04300774      4.78942237      5.04053379  4.65021160e-04     44.86772313  2.49872435e-05      2.41090260
    550.0000     -0.25823783     -0.00223213      5.04300774      4.78476991      5.04077560  4.65464906e-04     44.91053808  2.33938086e-05      2.25715949
    560.0000     -0.26289455     -0.00200570      5.04300774      4.78011319      5.04100203  4.65872942e-04     44.94990756  2.19098226e-05      2.11397661
    570.0000     -0.26755518     -0.00179360      5.04300774      4.77545256      5.04121414  4.66248390e-04     44.98613280  2.05271396e-05      1.98056797
    580.0000     -0.27221942     -0.00159485      5.04300774      4.77078832      5.04141289  4.66594088e-04     45.01948756  1.92382532e-05      1.85620933
    590.0000     -0.27688697     -0.00140854      5.04300774      4.76612076      5.04159919  4.66912590e-04     45.05021834  1.80362357e-05      1.74023227
    600.0000     -0.28155759     -0.00123385      5.04300774      4.76145015      5.04177388  4.67206220e-04     45.07854935  1.69147073e-05      1.63202123
    610.0000     -0.28623102     -0.00107000      5.04300774      4.75677672      5.04193774  4.67477081e-04     45.10468344  1.58677830e-05      1.53100838
    620.0000     -0.29090706     -0.00091627      5.04300774      4.75210068      5.04209147  4.67727083e-04     45.12880496  1.48900352e-05      1.43667005
    630.0000     -0.29558550     -0.00077199      5.04300774      4.74742224      5.04223575  4.67957957e-04     45.15108096  1.39764624e-05      1.34852368
    640.0000     -0.30026616     -0.00063654      5.04300774      4.74274158      5.04237120  4.68171280e-04     45.17166350  1.31224489e-05      1.26612389
    650.0000     -0.30494887     -0.00050935      5.04300774      4.73805886      5.04249838  4.68368487e-04     45.19069108  1.23237360e-05      1.18905982
    660.0000     -0.30963348     -0.00038989      5.04300774      4.73337426      5.04261784  4.68550887e-04     45.20828994  1.15763954e-05      1.11695241
    670.0000     -0.31431984     -0.00027767      5.04300774      4.72868789      5.04273007  4.68719668e-04     45.22457485  1.08767937e-05      1.04945110
    680.0000     -0.31900783     -0.00017221      5.04300774      4.72399990      5.04283553  4.68875913e-04     45.23965019  1.02215836e-05      0.98623293
    690.0000     -0.32369732     -0.00007310      5.04300774      4.71931041      5.04293464  4.69020616e-04     45.25361195  9.60766627e-06      0.92699891
    700.0000     -0.32838821      0.00002007      5.04300774      4.71461953      5.04302781  4.69154685e-04     45.26654762  9.03218323e-06      0.87147324
    710.0000     -0.33308038      0.00010767      5.04300774      4.70992735      5.04311540  4.69278943e-04     45.27853673  8.49248528e-06      0.81940030
    720.0000     -0.33777376      0.00019003      5.04300774      4.70523398      5.04319777  4.69394152e-04     45.28965266  7.98612712e-06      0.77054416
    730.0000     -0.34246824      0.00026749      5.04300774      4.70053950      5.04327523  4.69501001e-04     45.29996209  7.51084085e-06      0.72468601
    740.0000     -0.34716375      0.00034035      5.04300774      4.69584399      5.04334808  4.69600131e-04     45.30952662  7.06453138e-06      0.68162369
    750.0000     -0.35186022      0.00040887      5.04300774      4.69114752      5.04341661  4.69692120e-04     45.31840224  6.64525799e-06      0.64116995
    760.0000     -0.35655757      0.00047334      5.04300774      4.68645016      5.04348107  4.69777509e-04     45.32664102  6.25121525e-06      0.60315061
    770.0000     -0.36125575      0.00053398      5.04300774      4.68175199      5.04354171  4.69856784e-04     45.33428986  5.88073916e-06      0.56740510
    780.0000     -0.36595469      0.00059102      5.04300774      4.67705305      5.04359876  4.69930399e-04     45.34139271  5.53228113e-06      0.53378401
    790.0000     -0.37065434      0.00064469      5.04300774      4.67235340      5.04365243  4.69998771e-04     45.34798953  5.20439983e-06      0.50214827
    800.0000     -0.37535465      0.00069517      5.04300774      4.66765309      5.04370291  4.70062278e-04     45.35411707  4.89576812e-06      0.47236983
    810.0000     -0.38005557      0.00074267      5.04300774      4.66295217      5.04375040  4.70121277e-04     45.35980957  4.60514281e-06      0.44432875
    820.0000     -0.38475706      0.00078733      5.04300774      4.65825068      5.04379507  4.70176089e-04     45.36509816  4.33137290e-06      0.41791397
    830.0000     -0.38945908      0.00082935      5.04300774      4.65354866      5.04383708  4.70227017e-04     45.37001193  4.07338917e-06      0.39302233
    840.0000     -0.39416159      0.00086885      5.04300774      4.64884615      5.04387659  4.70274333e-04     45.37457720  3.83019652e-06      0.36955780
    850.0000     -0.39886455      0.00090599      5.04300774      4.64414318      5.04391373  4.70318292e-04     45.37881863  3.60086715e-06      0.34743088
    860.0000     -0.40356794      0.00094091      5.04300774      4.63943979      5.04394865  4.70359134e-04     45.38275926  3.38453644e-06      0.32655814
    870.0000     -0.40827173      0.00097373      5.04300774      4.63473601      5.04398146  4.70397073e-04     45.38641988  3.18040400e-06      0.30686235
    880.0000     -0.41297588      0.00100456      5.04300774      4.63003186      5.04401230  4.70432310e-04     45.38981975  2.98771669e-06      0.28827085
    890.0000     -0.41768036      0.00103352      5.04300774      4.62532737      5.04404125  4.70465035e-04     45.39297715  2.80578163e-06      0.27071678
    900.0000     -0.42238517      0.00106071      5.04300774      4.62062257      5.04406844  4.70495418e-04     45.39590869  2.63394285e-06      0.25413686
    910.0000     -0.42709026      0.00108623      5.04300774      4.61591747      5.04409397  4.70523618e-04     45.39862959  2.47159276e-06      0.23847246
    920.0000     -0.43179563      0.00111017      5.04300774      4.61121210      5.04411791  4.70549785e-04     45.40115432  2.31816187e-06      0.22366863
    930.0000     -0.43650125      0.00113262      5.04300774      4.60650648      5.04414036  4.70574056e-04     45.40349617  2.17312390e-06      0.20967459
    940.0000     -0.44120711      0.00115366      5.04300774      4.60180063      5.04416139  4.70596560e-04     45.40566740  2.03598004e-06      0.19644222
    950.0000     -0.44591318      0.00117336      5.04300774      4.59709456      5.04418110  4.70617413e-04     45.40767945  1.90626998e-06      0.18392710
    960.0000     -0.45061945      0.00119181      5.04300774      4.59238828      5.04419954  4.70636726e-04     45.40954289  1.78355496e-06      0.17208690
    970.0000     -0.45532591      0.00120906      5.04300774      4.58768183      5.04421679  4.70654604e-04     45.41126778  1.66743362e-06      0.16088289
    980.0000     -0.46003254      0.00122518      5.04300774      4.58297520      5.04423291  4.70671138e-04     45.41286308  1.55752297e-06      0.15027813
    990.0000     -0.46473933      0.00124023      5.04300774      4.57826841      5.04424796  4.70686418e-04     45.41433744  1.45347083e-06      0.14023862
   1000.0000     -0.46944626      0.00125427      5.04300774      4.57356147      5.04426200  4.70700528e-04     45.41569878  1.35493866e-06      0.13073171
   1010.0000     -0.47415334      0.00126734      5.04300774      4.56885440      5.04427508  4.70713542e-04     45.41695450  1.26161713e-06      0.12172755
   1020.0000     -0.47886053      0.00127951      5.04300774      4.56414720      5.04428725  4.70725533e-04     45.41811138  1.17321370e-06      0.11319792
   1030.0000     -0.48356784      0.00129082      5.04300774      4.55943989      5.04429856  4.70736568e-04     45.41917615  1.08945382e-06      0.10511632
   1040.0000     -0.48827526      0.00130132      5.04300774      4.55473248      5.04430905  4.70746709e-04     45.42015460  1.01007353e-06      0.09745728
   1050.0000     -0.49298277      0.00131104      5.04300774      4.55002496      5.04431877  4.70756009e-04     45.42105196  9.34837810e-07      0.09019814
   1060.0000     -0.49769038      0.00132003      5.04300774      4.54531736      5.04432776  4.70764531e-04     45.42187416  8.63514861e-07      0.08331652
   1070.0000     -0.50239806      0.00132832      5.04300774      4.54060967      5.04433606  4.70772320e-04     45.42262565  7.95891114e-07      0.07679182
   1080.0000     -0.50710582      0.00133596      5.04300774      4.53590191      5.04434369  4.70779423e-04     45.42331101  7.31766894e-07      0.07060478
   1090.0000     -0.51181365      0.00134297      5.04300774      4.53119409      5.04435070  4.70785885e-04     45.42393450  6.70948942e-07      0.06473673
   1100.0000     -0.51652154      0.00134939      5.04300774      4.52648620      5.04435712  4.70791748e-04     45.42450021  6.13265435e-07      0.05917112
   1110.0000     -0.52122948      0.00135524      5.04300774      4.52177826      5.04436298  4.70797049e-04     45.42501164  5.58544977e-07      0.05389140
   1120.0000     -0.52593748      0.00136057      5.04300774      4.51707026      5.04436830  4.70801823e-04     45.42547234  5.06628603e-07      0.04888223
   1130.0000     -0.53064552      0.00136538      5.04300774      4.51236222      5.04437312  4.70806105e-04     45.42588540  4.57371280e-07      0.04412962
   1140.0000     -0.53535360      0.00136972      5.04300774      4.50765414      5.04437746  4.70809927e-04     45.42625424  4.10632119e-07      0.03961998
   1150.0000     -0.54006171      0.00137360      5.04300774      4.50294602      5.04438134  4.70813319e-04     45.42658147  3.66276026e-07      0.03534027
   1160.0000     -0.54476986      0.00137705      5.04300774      4.49823787      5.04438479  4.70816307e-04     45.42686984  3.24183296e-07      0.03127893
   1170.0000     -0.54947804      0.00138010      5.04300774      4.49352970      5.04438783  4.70818917e-04     45.42712164  2.84232633e-07      0.02742428
   1180.0000     -0.55418624      0.00138275      5.04300774      4.48882150      5.04439048  4.70821172e-04     45.42733919  2.46314922e-07      0.02376578
   1190.0000     -0.55889446      0.00138503      5.04300774      4.48411327      5.04439276  4.70823100e-04     45.42752520  2.10324414e-07      0.02029322
   1200.0000     -0.56360270      0.00138696      5.04300774      4.47940504      5.04439469  4.70824714e-04     45.42768098  1.76165143e-07      0.01699735
   1210.0000     -0.56831095      0.00138856      5.04300774      4.47469678      5.04439629  4.70826041e-04     45.42780902  1.43741175e-07      0.01386892
   1220.0000     -0.57301922      0.00138984      5.04300774      4.46998852      5.04439757  4.70827098e-04     45.42791092  1.12967069e-07      0.01089967
   1230.0000     -0.57772749      0.00139082      5.04300774      4.46528024      5.04439856  4.70827898e-04     45.42798817  8.37579670e-08      0.00808142
   1240.0000     -0.58243578      0.00139152      5.04300774      4.46057196      5.04439926  4.70828466e-04     45.42804292  5.60351339e-08      0.00540657
   1250.0000     -0.58714406      0.00139195      5.04300774      4.45586367      5.04439968  4.70828808e-04     45.42807594  2.97239791e-08      0.00286793
   1260.0000     -0.59185235      0.00139212      5.04300774      4.45115538      5.04439986  4.70828945e-04     45.42808913  4.75551536e-09      0.00045884
   1270.0000     -0.59656064      0.00139205      5.04300774      4.44644709      5.04439978  4.70828888e-04     45.42808368  -1.89385319e-08     -0.00182729
   1280.0000     -0.60126893      0.00139174      5.04300774      4.44173881      5.04439948  4.70828650e-04     45.42806073  -4.14184051e-08     -0.00399627
   1290.0000     -0.60597722      0.00139122      5.04300774      4.43703052      5.04439896  4.70828244e-04     45.42802158  -6.27482654e-08     -0.00605429
   1300.0000     -0.61068549      0.00139049      5.04300774      4.43232224      5.04439823  4.70827681e-04     45.42796724  -8.29816832e-08     -0.00800652
   1310.0000     -0.61539377      0.00138957      5.04300774      4.42761397      5.04439730  4.70826970e-04     45.42789859  -1.02172747e-07     -0.00985817
   1320.0000     -0.62010203      0.00138845      5.04300774      4.42290570      5.04439619  4.70826124e-04     45.42781699  -1.20372695e-07     -0.01161420
   1330.0000     -0.62481029      0.00138716      5.04300774      4.41819745      5.04439490  4.70825151e-04     45.42772310  -1.37628782e-07     -0.01327916
   1340.0000     -0.62951854      0.00138570      5.04300774      4.41348920      5.04439344  4.70824057e-04     45.42761753  -1.53985089e-07     -0.01485730
   1350.0000     -0.63422677      0.00138408      5.04300774      4.40878097      5.04439182  4.70822855e-04     45.42750160  -1.69489550e-07     -0.01635326
   1360.0000     -0.63893499      0.00138232      5.04300774      4.40407274      5.04439005  4.70821550e-04     45.42737562  -1.84180448e-07     -0.01777071
   1370.0000     -0.64364320      0.00138040      5.04300774      4.39936454      5.04438814  4.70820148e-04     45.42724038  -1.98094447e-07     -0.01911321
   1380.0000     -0.64835139      0.00137836      5.04300774      4.39465634      5.04438609  4.70818659e-04     45.42709677  -2.11271676e-07     -0.02038462
   1390.0000     -0.65305957      0.00137618      5.04300774      4.38994816      5.04438392  4.70817090e-04     45.42694531  -2.23746143e-07     -0.02158822
   1400.0000     -0.65776774      0.00137388      5.04300774      4.38524000      5.04438162  4.70815442e-04     45.42678633  -2.35551045e-07     -0.02272722
   1410.0000     -0.66247588      0.00137147      5.04300774      4.38053185      5.04437921  4.70813726e-04     45.42662076  -2.46719323e-07     -0.02380480
   1420.0000     -0.66718401      0.00136895      5.04300774      4.37582373      5.04437669  4.70811944e-04     45.42644885  -2.57278699e-07     -0.02482362
   1430.0000     -0.67189212      0.00136633      5.04300774      4.37111561      5.04437406  4.70810103e-04     45.42627118  -2.67260624e-07     -0.02578673
   1440.0000     -0.67660021      0.00136361      5.04300774      4.36640752      5.04437134  4.70808209e-04     45.42608849  -2.76690976e-07     -0.02669662
   1450.0000     -0.68130829      0.00136080      5.04300774      4.36169945      5.04436853  4.70806263e-04     45.42590069  -2.85594110e-07     -0.02755564
   1460.0000     -0.68601634      0.00135790      5.04300774      4.35699140      5.04436563  4.70804272e-04     45.42570857  -2.93994771e-07     -0.02836618
   1470.0000     -0.69072437      0.00135492      5.04300774      4.35228337      5.04436265  4.70802236e-04     45.42551218  -3.01917931e-07     -0.02913065
   1480.0000     -0.69543238      0.00135186      5.04300774      4.34757535      5.04435960  4.70800163e-04     45.42531216  -3.09387816e-07     -0.02985139
   1490.0000     -0.70014037      0.00134873      5.04300774      4.34286736      5.04435647  4.70798057e-04     45.42510896  -3.16419519e-07     -0.03052984
   1500.0000     -0.70484834      0.00134553      5.04300774      4.33815939      5.04435327  4.70795918e-04     45.42490258  -3.23039404e-07     -0.03116857
   1510.0000     -0.70955629      0.00134227      5.04300774      4.33345144      5.04435001  4.70793751e-04     45.42469347  -3.29260525e-07     -0.03176881
   1520.0000     -0.71426422      0.00133895      5.04300774      4.32874352      5.04434669  4.70791557e-04     45.42448180  -3.35108045e-07     -0.03233301
   1530.0000     -0.71897212      0.00133557      5.04300774      4.32403561      5.04434331  4.70789341e-04     45.42426798  -3.40592655e-07     -0.03286220
   1540.0000     -0.72368000      0.00133214      5.04300774      4.31932773      5.04433988  4.70787107e-04     45.42405242  -3.45734984e-07     -0.03335836
   1550.0000     -0.72838787      0.00132866      5.04300774      4.31461987      5.04433639  4.70784852e-04     45.42383481  -3.50551227e-07     -0.03382305
   1560.0000     -0.73309570      0.00132513      5.04300774      4.30991203      5.04433286  4.70782583e-04     45.42361595  -3.55054146e-07     -0.03425752
   1570.0000     -0.73780352      0.00132156      5.04300774      4.30520422      5.04432929  4.70780302e-04     45.42339584  -3.59260096e-07     -0.03466333
   1580.0000     -0.74251131      0.00131794      5.04300774      4.30049643      5.04432568  4.70778007e-04     45.42317443  -3.63179863e-07     -0.03504153
   1590.0000     -0.74721908      0.00131429      5.04300774      4.29578866      5.04432203  4.70775706e-04     45.42295237  -3.66827697e-07     -0.03539349
   1600.0000     -0.75192682      0.00131061      5.04300774      4.29108091      5.04431834  4.70773394e-04     45.42272930  -3.70218270e-07     -0.03572063
   1610.0000     -0.75663454      0.00130689      5.04300774      4.28637319      5.04431463  4.70771077e-04     45.42250576  -3.73359454e-07     -0.03602371
   1620.0000     -0.76134225      0.00130314      5.04300774      4.28166549      5.04431088  4.70768758e-04     45.42228198  -3.76266599e-07     -0.03630421
   1630.0000     -0.76604992      0.00129936      5.04300774      4.27695782      5.04430710  4.70766433e-04     45.42205766  -3.78946054e-07     -0.03656274
   1640.0000     -0.77075757      0.00129556      5.04300774      4.27225016      5.04430330  4.70764106e-04     45.42183319  -3.81413624e-07     -0.03680082
   1650.0000     -0.77546520      0.00129174      5.04300774      4.26754253      5.04429947  4.70761781e-04     45.42160880  -3.83673974e-07     -0.03701891
   1660.0000     -0.78017281      0.00128789      5.04300774      4.26283493      5.04429563  4.70759457e-04     45.42138457  -3.85740156e-07     -0.03721827
   1670.0000     -0.78488039      0.00128402      5.04300774      4.25812734      5.04429176  4.70757135e-04     45.42116055  -3.87619101e-07     -0.03739956
   1680.0000     -0.78958795      0.00128014      5.04300774      4.25341979      5.04428787  4.70754816e-04     45.42093682  -3.89318841e-07     -0.03756356
   1690.0000     -0.79429549      0.00127624      5.04300774      4.24871225      5.04428397  4.70752500e-04     45.42071337  -3.90849449e-07     -0.03771124
   1700.0000     -0.79900300      0.00127232      5.04300774      4.24400474      5.04428006  4.70750190e-04     45.42049051  -3.92218958e-07     -0.03784338
   1710.0000     -0.80371049      0.00126839      5.04300774      4.23929724      5.04427613  4.70747886e-04     45.42026818  -3.93432225e-07     -0.03796044
   1720.0000     -0.80841796      0.00126445      5.04300774      4.23458978      5.04427219  4.70745589e-04     45.42004658  -3.94498126e-07     -0.03806328
   1730.0000     -0.81312540      0.00126051      5.04300774      4.22988233      5.04426824  4.70743299e-04     45.41982563  -3.95422359e-07     -0.03815246
   1740.0000     -0.81783282      0.00125655      5.04300774      4.22517491      5.04426428  4.70741017e-04     45.41960543  -3.96213542e-07     -0.03822880
   1750.0000     -0.82254022      0.00125258      5.04300774      4.22046751      5.04426032  4.70738746e-04     45.41938630  -3.96874944e-07     -0.03829261
   1760.0000     -0.82724760      0.00124861      5.04300774      4.21576013      5.04425635  4.70736483e-04     45.41916798  -3.97415829e-07     -0.03834480
   1770.0000     -0.83195495      0.00124463      5.04300774      4.21105278      5.04425237  4.70734230e-04     45.41895053  -3.97838011e-07     -0.03838553
   1780.0000     -0.83666229      0.00124065      5.04300774      4.20634545      5.04424839  4.70731988e-04     45.41873421  -3.98150267e-07     -0.03841566
   1790.0000     -0.84136959      0.00123667      5.04300774      4.20163814      5.04424441  4.70729757e-04     45.41851896  -3.98354864e-07     -0.03843540
   1800.0000     -0.84607688      0.00123269      5.04300774      4.19693086      5.04424042  4.70727537e-04     45.41830481  -3.98459965e-07     -0.03844554
   1810.0000     -0.85078414      0.00122870      5.04300774      4.19222359      5.04423644  4.70725328e-04     45.41809168  -3.98470296e-07     -0.03844654
   1820.0000     -0.85549139      0.00122472      5.04300774      4.18751635      5.04423245  4.70723133e-04     45.41787989  -3.98387156e-07     -0.03843852
   1830.0000     -0.86019861      0.00122073      5.04300774      4.18280913      5.04422847  4.70720951e-04     45.41766936  -3.98214558e-07     -0.03842187
   1840.0000     -0.86490580      0.00121675      5.04300774      4.17810193      5.04422449  4.70718781e-04     45.41745994  -3.97961217e-07     -0.03839742
   1850.0000     -0.86961298      0.00121278      5.04300774      4.17339475      5.04422051  4.70716624e-04     45.41725185  -3.97628297e-07     -0.03836530
   1860.0000     -0.87432014      0.00120880      5.04300774      4.16868760      5.04421654  4.70714482e-04     45.41704518  -3.97218519e-07     -0.03832576
   1870.0000     -0.87902727      0.00120483      5.04300774      4.16398046      5.04421257  4.70712353e-04     45.41683980  -3.96738298e-07     -0.03827943
   1880.0000     -0.88373438      0.00120087      5.04300774      4.15927335      5.04420860  4.70710240e-04     45.41663584  -3.96189445e-07     -0.03822647
   1890.0000     -0.88844148      0.00119691      5.04300774      4.15456626      5.04420464  4.70708140e-04     45.41643324  -3.95573289e-07     -0.03816702
   1900.0000     -0.89314855      0.00119295      5.04300774      4.14985919      5.04420069  4.70706053e-04     45.41623191  -3.94896794e-07     -0.03810175
   1910.0000     -0.89785560      0.00118901      5.04300774      4.14515214      5.04419675  4.70703984e-04     45.41603224  -3.94162356e-07     -0.03803089
   1920.0000     -0.90256263      0.00118507      5.04300774      4.14044511      5.04419281  4.70701927e-04     45.41583384  -3.93370720e-07     -0.03795451
   1930.0000     -0.90726964      0.00118114      5.04300774      4.13573810      5.04418888  4.70699885e-04     45.41563680  -3.92527295e-07     -0.03787313
   1940.0000     -0.91197663      0.00117722      5.04300774      4.13103111      5.04418496  4.70697859e-04     45.41544132  -3.91631725e-07     -0.03778672
   1950.0000     -0.91668359      0.00117331      5.04300774      4.12632414      5.04418105  4.70695849e-04     45.41524740  -3.90689257e-07     -0.03769578
   1960.0000     -0.92139054      0.00116941      5.04300774      4.12161719      5.04417714  4.70693852e-04     45.41505466  -3.89700441e-07     -0.03760038
   1970.0000     -0.92609747      0.00116552      5.04300774      4.11691027      5.04417325  4.70691871e-04     45.41486354  -3.88670362e-07     -0.03750099
   1980.0000     -0.93080438      0.00116164      5.04300774      4.11220336      5.04416937  4.70689906e-04     45.41467397  -3.87596267e-07     -0.03739736
   1990.0000     -0.93551127      0.00115777      5.04300774      4.10749647      5.04416550  4.70687957e-04     45.41448593  -3.86486092e-07     -0.03729024
   2000.0000     -0.94021814      0.00115391      5.04300774      4.10278960      5.04416164  4.70686022e-04     45.41429922  -3.85337893e-07     -0.03717946
